Have index from (x,y)
Need to get (x,y) from index
Given an (x,y) add one of its children.
Need to get index of neighbor (x+1,y), etc.
Traverse in depth first order
Traverse in breadth first order
Grow table / reduce table based on max depth


    00   01   10   11   00 01 02 03
----------------------  -----------
00 0000 0001 0100 0101  00 01 04 05
01 0010 0011 0110 0111  02 03 06 07
10 1000 1001 1100 1101  08 09 12 13
11 1010 1011 1110 1111  10 11 14 15

      0000   0001   0010   0011   0100   0101   0110   0111
------------------------------------------------------------
0000 000000 000001 000100 000101 010000 010001 010100 010101
0001 000010 000011 000110 000111 010010 010011 010110 010111
0010 001000 001001 001100 001101 011000 011001 011100 011101
0011 001010 001011 001110 001111 011010 011011 011110 011111
0100 100000 100001 100100 100101 110000 110001 110100 110101
0101 100010 100011 100110 100111 110010 110011 110110 110111
0110 101000 101001 101100 101101 111000 111000 111100 111101
0111 101010 101011 101110 101111 111010 111011 111110 111111


